euler
y( 0.0 ) = 0.0
h = 0.1
0 0.0
1 0.100000000000000
2 0.230000000000000
3 0.402000000000000
4 0.632800000000000
5 0.945920000000000
6 1.37428800000000
7 1.96400320000000
8 2.77960448000000
9 3.91144627200000
10 5.48602478080000
11 7.68043469312000
12 10.7426085703680
13 15.0196519985152
14 20.9975127979213
15 29.3565179170898
16 41.0491250839257
17 57.4087751174960
18 80.3022851644944
19 112.343199230292

euler_inverso
y( 0.0 ) = 0.0
h = 0.1
0 0.0
1 0.15000000000000002
2 0.3833333333333334
3 0.7555555555555558
4 1.3592592592592598
5 2.3487654320987668
6 3.9812757201646116
7 6.685459533607687
8 11.175765889346144
9 18.64294314891024
10 31.071571914850402
11 51.76928652475067
12 86.24881087458445
13 143.69801812430742
14 239.43003020717907
15 398.9667170119651
16 664.8445283532752
17 1107.9575472554586
18 1846.4625787590978
19 3077.2876312651633

euler_aprimorado
y( 0.0 ) = 0.0
h = 0.1
0 0.0
1 0.11875
2 0.284375
3 0.5203125
4 0.86171875
5 1.361328125
6 2.0982421875
7 3.19111328125
8 4.817919921874999
9 7.245629882812499
10 10.874694824218746
11 16.30579223632812
12 24.43993835449218
13 36.62865753173827
14 54.8992362976074
15 82.2926044464111
16 123.37015666961665
17 184.97398500442497
18 277.36722750663745
19 415.94459125995616

runge_kutta
y( 0.0 ) = 0.0
h = 0.1
0 0.0
1 0.117200000000000
2 0.279737813333333
3 0.509907554076445
4 0.840966095334301
5 1.32252382328002
6 2.02858620464758
7 3.06954966101296
8 4.61009621432173
9 6.89588752611087
10 10.2933852856171
11 15.3492526100646
12 22.8789650935203
13 34.0989948621740
14 50.8239939357338
15 75.7609392203986
16 112.947918399709
17 168.408681474126
18 251.129057111003
19 374.513505461054

adam_bashforth
y( 0.0 ) = 0.0
h = 0.1
0 0.0
1 0.1
2 0.23
3 0.402
4 0.6328
5 0.999400000000000
6 1.55166333333333
7 2.35620472222222
8 3.53663343981481
9 5.28356183834877
10 7.87438071972094
11 11.7195538179746
12 17.4320385610687
13 25.9255131557821
14 38.5599633766578
15 57.3599992420378
16 85.3402952220977
17 126.989717029922
18 188.992005698378
19 281.298971343124
20 418.728504022718
21 623.343923515650
22 927.996722589493
23 1381.60159195201
24 2056.99075125960

adam_bashforth_by_euler
y( 0.0 ) = 0.0
h = 0.1
0 0.0
1 0.100000000000000
2 0.230000000000000
3 0.402000000000000
4 0.632800000000000
5 1.00006933333333
6 1.56143411259259
7 2.37147895557696
8 3.55628975681026
9 5.32211215281102
10 7.94807143509720
11 11.8428794700379
12 17.6348445650433
13 26.2632360032403
14 39.1161985890128
15 58.2631806513791
16 86.7972738113463
17 129.329225597457
18 192.728523445518
19 287.238075250546
20 428.132098963996
21 638.182209538721
22 951.337342548600
23 1418.21343217633
24 2114.27569289769

adam_bashforth_by_euler_inverso
y( 0.0 ) = 0.0
h = 0.1
0 0.0
1 0.15000000000000002
2 0.3833333333333334
3 0.7555555555555558
4 1.3592592592592598
5 2.13633744855967
6 3.19045354366713
7 4.79673866328812
8 7.21889920904276
9 10.7798330864157
10 16.0554372639212
11 23.9351752474125
12 35.6813598815470
13 53.1638872317095
14 79.2122132282396
15 118.047620508400
16 175.937205279230
17 262.226042361263
18 390.863403681560
19 582.643745287978
20 868.559833076163
21 1294.82228742990
22 1930.33339268918
23 2877.81831509251
24 4290.42844971249

adam_bashforth_by_euler_aprimorado
y( 0.0 ) = 0.0
h = 0.1
0 0.0
1 0.11875
2 0.284375
3 0.5203125
4 0.86171875
5 1.35417317708333
6 2.07279839771412
7 3.13372595928378
8 4.70459044516682
9 7.03291600754177
10 10.4912598151477
11 15.6360876117754
12 23.2946837712935
13 34.7000947150261
14 51.6922221469683
15 77.0142637601951
16 114.755135878460
17 171.011160173067
18 254.872057571431
19 379.889743299017
20 566.268657974393
21 844.132099390902
22 1258.39167275135
23 1876.00683327271
24 2796.80856502518

adam_bashforth_by_runge_kutta
y( 0.0 ) = 0.0
h = 0.1
0 0.0
1 0.117200000000000
2 0.279737813333333
3 0.509907554076445
4 0.840966095334301
5 1.32189626861344
6 2.02635973831017
7 3.06454245277781
8 4.60023685164906
9 6.87743307949018
10 10.2602108411112
11 15.2914720965766
12 22.7804314993222
13 33.9335303610713
14 50.5496094351255
15 75.3105986500527
16 112.214952345263
17 167.224048268437
18 249.225869224745
19 371.471664848553
20 553.717939788101
21 825.420047945822
22 1230.49354802342
23 1834.41296159834
24 2734.79547037316

adam_multon
y( 0.0 ) = 0.0
h = 0.1
0 0.0
1 0.1
2 0.23
3 0.402
4 0.6328
5 1.19416477925926
6 2.12656170028515
7 3.63379099162422
8 6.25740076526710
9 10.7155016615492
10 18.2684951099662
11 31.1761267837370
12 53.1976716639453
13 90.7539684247768
14 154.866721219177
15 264.307449588306
16 451.117814710076
17 770.032182262590
18 1314.47442088537
19 2243.93348990491
20 3830.70889105982
21 6539.66746955586
22 11164.4343972588
23 19059.9107448675
24 32539.2071267260

adam_multon_by_euler
y( 0.0 ) = 0.0
h = 0.1
0 0.0
1 0.100000000000000
2 0.230000000000000
3 0.402000000000000
4 0.632800000000000
5 1.19416477925926
6 2.12656170028515
7 3.63379099162422
8 6.25740076526710
9 10.7155016615492
10 18.2684951099662
11 31.1761267837370
12 53.1976716639453
13 90.7539684247768
14 154.866721219177
15 264.307449588306
16 451.117814710076
17 770.032182262590
18 1314.47442088537
19 2243.93348990491
20 3830.70889105982
21 6539.66746955586
22 11164.4343972588
23 19059.9107448675
24 32539.2071267260

adam_multon_by_euler_inverso
y( 0.0 ) = 0.0
h = 0.1
0 0.0
1 0.15000000000000002
2 0.3833333333333334
3 0.7555555555555558
4 1.3592592592592598
5 2.41337535436671
6 4.19429704678345
7 7.20097690611068
8 12.3316901853475
9 21.0731368650118
10 35.9695304402363
11 61.3901067016003
12 104.771948399519
13 178.811544552555
14 305.198710665638
15 520.952726075898
16 889.271926762006
17 1518.05727993119
18 2591.51511202062
19 4424.12446984635
20 7552.77407401824
21 12894.0491533293
22 22012.7608985168
23 37580.3877764633
24 64157.7298043058

adam_multon_by_euler_aprimorado
y( 0.0 ) = 0.0
h = 0.1
0 0.0
1 0.11875
2 0.284375
3 0.5203125
4 0.86171875
5 1.58034397063079
6 2.78384296890171
7 4.76351856393348
8 8.18238390380122
9 13.9996183676989
10 23.8790077690700
11 40.7531103909563
12 69.5462636744255
13 118.666499019697
14 202.519078595061
15 345.659636309473
16 590.004780084279
17 1007.14263327323
18 1719.27356506168
19 2935.01499061483
20 5010.53685297850
21 8553.89274788497
22 14603.1596797438
23 24930.5703492647
24 42561.7127571768

adam_multon_by_runge_kutta
y( 0.0 ) = 0.0
h = 0.1
0 0.0
1 0.117200000000000
2 0.279737813333333
3 0.509907554076445
4 0.840966095334301
5 1.54542956503103
6 2.72452111534330
7 4.66136502264732
8 8.00838111361176
9 13.7028377754069
10 23.3719027249806
11 39.8875151770255
12 68.0686759053781
13 116.143717339423
14 198.212181239778
15 338.306918917378
16 577.451973749721
17 985.712243768852
18 1682.68723979105
19 2872.55404779120
20 4903.90229786158
21 8371.84416547300
22 14292.3627309703
23 24399.9716684612
24 41655.8642490795

formula_inversa
y( 0.0 ) = 0.0
h = 0.1
0 0.0
1 0.1
2 0.23
3 0.402
4 0.6328
5 0.937558001481481
6 1.30475848503320
7 1.70156810309559
8 2.10571992090535
9 2.51343023161513
10 2.90005773054237
11 3.18456601808111
12 3.25644019665490
13 3.03394571937431
14 2.46249003194213
15 1.44172484317770
16 -0.208655045583688
17 -2.66709086713452
18 -6.00699324277904
19 -10.2226393530317
20 -15.3482829677201
21 -21.4592185096031
22 -28.4808745283854
23 -36.0322233401774
24 -43.5260596372183

formula_inversa_by_euler
y( 0.0 ) = 0.0
h = 0.1
0 0.0
1 0.100000000000000
2 0.230000000000000
3 0.402000000000000
4 0.632800000000000
5 0.937558001481481
6 1.30475848503320
7 1.70156810309559
8 2.10571992090535
9 2.51343023161513
10 2.90005773054237
11 3.18456601808111
12 3.25644019665490
13 3.03394571937431
14 2.46249003194213
15 1.44172484317770
16 -0.208655045583688
17 -2.66709086713452
18 -6.00699324277904
19 -10.2226393530317
20 -15.3482829677201
21 -21.4592185096031
22 -28.4808745283854
23 -36.0322233401774
24 -43.5260596372183

formula_inversa_by_euler_inverso
y( 0.0 ) = 0.0
h = 0.1
0 0.0
1 0.15000000000000002
2 0.3833333333333334
3 0.7555555555555558
4 1.3592592592592598
5 2.12052641746685
6 2.88305529097869
7 3.63847766701913
8 4.54264019914058
9 5.62606119371371
10 6.60258941749461
11 7.12094450813681
12 7.14266471787931
13 6.83241187811047
14 6.01625482164645
15 4.01844522808452
16 0.265232588011578
17 -5.14957761720443
18 -11.8816216909868
19 -20.2464127918146
20 -31.1496717340656
21 -44.8244511973881
22 -60.1205161717248
23 -75.6013754927778
24 -90.9493270940290

formula_inversa_by_euler_aprimorado
y( 0.0 ) = 0.0
h = 0.1
0 0.0
1 0.11875
2 0.284375
3 0.5203125
4 0.86171875
5 1.29989854962384
6 1.78678879880904
7 2.29674575444727
8 2.85163979532568
9 3.45235355404028
10 4.00375916906587
11 4.35469411804713
12 4.41168668442036
13 4.14989294072930
14 3.47467872181045
15 2.13209397259578
16 -0.159851788346192
17 -3.51197689058753
18 -7.89944308527032
19 -13.4079151008422
20 -20.2924053629869
21 -28.6540562285602
22 -38.1287676793121
23 -48.0571168517507
24 -57.9032683718390

formula_inversa_by_runge_kutta
y( 0.0 ) = 0.0
h = 0.1
0 0.0
1 0.117200000000000
2 0.279737813333333
3 0.509907554076445
4 0.840966095334301
5 1.26658707954339
6 1.74242100306063
7 2.24212261787778
8 2.78301622569269
9 3.36531469274830
10 3.90083930683499
11 4.24543603811822
12 4.30378991861249
13 4.04497326084241
14 3.37793205752441
15 2.06391369494976
16 -0.168909987943552
17 -3.43836765134799
18 -7.72998652116392
19 -13.1205939649573
20 -19.8427528315456
21 -27.9943112989222
22 -37.2397170518463
23 -46.9471003261175
24 -56.5742812524722

